"Epic","Feature","Story","FAILED","BROKEN","PASSED","SKIPPED","UNKNOWN"
"龙之岛后台","接口功能模块","","0","0","1","0","0"
"龙之岛后台","登录功能模块","","0","0","2","0","0"
